750
157 782
553 571
703 996
605
811
378
83
124 484
92
340
648
390 562
160 773
163 947
201
382 465
518 79
305
645
280 814
514
273 355
755
291 270
421
386 535
901 469
736
880
19
383 968
167
235
445 426
48
71 633
135
620 134
266 295
269 478
655
404
623
638
615 625
193
306 501
7
544 434
461 701
975
93 88
646
407 72
942
197
78
248 838
918 335
882 405
708
742
720 353
569
173 753
9
65 979
691
81
885 246
172 454
341 373
730
632 336
104 637
429
22
115 770
551
396
803
598 834
155 816
73
171 876
238 946
884 82
984 916
323
123 339
745
412
337 628
26 114
369
532
728
156 991
509
700 665
152 234
252 492
435
208
729
43
24
610
215 243
181
583 980
452 365
749 750
103
136
360
170
723
274
205
498 18
521 52
127
122
195 257
198 674
245
696 307
176
276
221 982
642
522 988
23
507
495 689
769 912
371 941
528 330
705 934
446
277
765 547
448
387
153 415
707
490 824
714 599
475 54
848
559
871 455
105 8
593
858 253
460
818 94
91 956
477
168 683
626
331 443
833 427
151 573
259 144
462
587 881
139
284
87
241
392 709
508
537 249
140
459 579
482 413
676 69
377
503 589
141
363 862
670 781
849
199 698
568 841
68 952
905
264 740
474 795
204 974
682
10 840
558 343
813 721
260
932 224
244 375
950
174
374
290 324
576
725
525 188
77
779
338 84
536
892 20
318 846
771
897 659
183 231
935
898 133
214 76
704
854
41
62
727
981 774
414 161
55 226
177
566 590
302
165 686
910 873
752 608
801 242
961 180
857 285
100
275
809
424 699
588
619 806
327 940
37 419
403 835
792
582 372
317
408 384
888
530
147 847
943 2
641
31 861
827
49 793
175 737
799
95 661
644
713
636 919
823
146 744
591
449 126
192
281
964
635 788
289 817
493
308
739
915 675
694
385 137
640
222
617 190
875
735 985
279
970
887
678
756
805 513
657 288
920 47
580 958
366 15
310 883
70
879 191
658
314
402 409
486
585 953
432 322
679
612 444
125
613
395 129
900
994
542 930
211
85 600
662 162
364
631 949
656
63
32 800
512 143
668 545
128 102
783 150
267
592
758 30
131 609
529 695
531
722
334
938
726 684
789 673
89
67 487
287
923
169 624
416
945 967
911 957
401 223
53 832
497
951
808 630
112
142
12 759
925
239
225
480
517 206
86 321
867
812
763 27
577 960
511 61
602
229
398 866
603 794
212
798 207
58 256
672
394 6
906
907
441
557
101 685
519
292
428 422
164
278
504
97 762
634 965
567
352
411
680
230
748
903 751
138 227
687
523 130
828 108
119 904
815
51 200
990 46
466 185
715 552
760 510
969
616
263 837
621
430
342
351
586 376
997
548 158
929 40
44 494
872 643
389
666 810
855
731 527
764
578 458
450
36 496
64 797
993 710
476 57
716 116
526
533
913
607 250
438 399
159
410 601
217
13
660 262
711 564
220
995 481
254
237 697
491
572 681
868 717
59 117
595 297
999 471
356
316
344 350
294
99 618
98
437 937
664 447
80 524
425
470 418
986
357
563 345
388 464
359 891
796 853
850
977 271
604
109
417 651
944
96 368
653 236
328
118 182
74
787
543 928
894 825
186
272
909 856
550
581 218
4
34
304 622
560
29
534 902
3
282
927 66
520
973 0
433
436
154
423
539
767
16
106
472
315
922
56
329
540
899
45
379
349
976
819
852
489
554
690
802
998
240
258
926
629
870
724
320
865
39
313
933
210
972
954
247
671
859
261
346
869
845
296
766
807
332
719
380
917
826
842
293
843
669
791
650
776
647
110
878
987
251
831
113
948
877
354
914
179
561
718
931
574
992
485
232
90
75
326
732
325
300
196
746
821
38
149
971
677
706
213
5
60
864
184
203
734
228
830
555
741
268
286
50
556
584
822
896
829
473
209
688
391
21
702
654
120
611
786
420
457
219
785
652
132
778
303
187
145
712
370
886
844
959
347
440
639
754
936
784
989
851
908
893
627
148
921
606
516
25
319
768
565
955
35
233
538
780
439
983
393
804
693
33
431
406
890
299
839
777
500
1
546
166
311
202
479
348
743
863
14
790
515
549
505
874
966
733
178
939
400
28
963
367
298
506
649
381
42
362
978
442
757
121
453
255
17
468
570
614
747
301
107
895
499
194
836
597
663
692
11
111
860
283
361
488
541
189
216
451
596
575
775
265
309
483
962
761
397
358
467
333
456
772
312
667
889
594
463
924
820
502
738
