750
850
639
453
29
890
60
564 794
672
599 119
357
500
997
329
717 885
494 982
718
762 937
245
772
802
91 398
371 910
222
194
558 157
253 548
101 615
550
781 980
627
469 637
11
390 138
325
774 943
257 940
393
508
23
482 394
998
594
227 598
614
788 879
509
159
438 661
701 496
402 355
7
946 586
387
336 128
125
676 884
739
181
623
188 675
972
591
328
448
287
217
634 585
896
295 968
335 69
828 858
561
651 95
337 710
506
66 840
768
208
900
553 871
807
433
909 882
590 238
212
510 973
342
868 173
964
369
130 470
961 27
262 765
683 237
578 740
254
373 995
223 133
580 231
517 318
346
728
942
948
895
104 769
901 26
996 80
503 47
582 447
569
20 252
85 58
680
379
156 221
864
709 214
936
183 991
422 44
905
416
732
413 169
540
403 190
665 86
986
674 795
224 632
560
306 490
629
693
838 478
68 49
196
63
423
185 53
146 789
654
141
179
139
77
538
956 571
803
836
853 833
235
182 144
21
821
347
526
573 892
207 977
140
376 263
643 40
191 79
481 375
57 898
244 288
729
18 979
84 218
987
407 941
281
534 915
2 363
484 932
507
607 475
628 327
630 537
666 681
713
587 735
439
171 965
649
345 65
404
228
960 307
285 689
350 383
622 134
880
679
694
619 698
644
545 705
418 304
641
322 61
520
556
633 796
588
405 264
902 147
881 401
576
365 721
118 759
527 952
99 444
787
966
727
103
620 161
733
806 52
261
539
276
866 269
669
493
988 653
428 513
308
489
0 566
845
944
992
67 670
241
719
904 266
577 618
300
259 686
31 581
12 437
198 697
855
783 151
460
464 572
466 55
164
358
816 834
917
543 289
302
699 857
720 544
856 476
200 243
459 384
877
536
87
160 123
631 256
76 386
751 749
659 657
706
518 818
284
779
930 10
559
148
600 155
563 195
567
609 920
867
690
81
414 990
886
42
750 726
958 891
163 813
321 249
406
664 873
392 399
512 660
541
178
410 59
299
124 947
927 330
472
343 368
153 366
97 359
83
36 999
528 810
1
473
362
984 953
280 608
415 64
568 454
663
724
805 152
656
268
523 215
149
711 324
9
349
270 341
333
613
934 583
888
440
752 800
129 452
552 763
275
535 15
37 426
597
344 71
957 273
480
143 635
326
606
51 234
445 102
34
839
505
111
474 876
236 808
976
142
168 731
382 310
38
115 825
912 861
421
883 46
775
773 911
575
677
88 165
72 461
210
532
100
668 714
636 603
339 8
501 744
743
514
206 595
899
662 424
801 432
823
817 158
919 758
150 511
458 625
978
430
291 716
529 967
388 847
180 427
176
94 6
462
226 601
872 471
646
766
792
441
804
485
579 131
760 117
843
981 522
353 824
974 114
962
449 841
290 395
737 547
258
14
409 985
624 495
499
949 929
516
592
136
764
703 918
846 372
521 700
685 417
301
736
753 455
334
746
492 525
778
498 434
105 137
30 108
916 54
715 338
695 814
673 408
921
5
488
468
260
837 928
696 419
116 782
852
232
32 487
120
612 271
832 82
617 96
924
380
842
199 175
793 770
242 542
162 204
894 126
994
574
570
903 945
278
172 248
33
283
605
993 385
297 250
286
132
56
797 443
246 93
562 798
396
835 524
177
642
589 684
465 331
897 862
219
442
959
446
557
638
546
311
893
844
90
220
874
712
265
332
722
272
255
650
320
316
412
354
626
92
431
519
616
933
652
604
110
826
954
907
436
723
24
819
829
467
771
251
688
565
370
963
812
364
776
479
193
925
154
456
205
170
820
969
202
192
225
922
950
106
486
851
457
951
755
596
692
229
741
939
113
860
687
315
75
551
187
411
645
497
584
502
931
39
239
294
854
504
811
530
515
43
734
906
648
89
240
209
377
780
865
878
62
319
356
756
233
704
292
554
351
189
869
352
745
309
738
3
313
13
45
938
926
184
747
213
435
640
593
296
166
757
41
274
167
658
870
970
450
610
533
48
317
367
400
777
989
889
197
702
109
555
742
50
451
799
875
186
122
975
314
16
822
389
303
477
761
230
216
725
913
790
463
127
791
305
4
279
483
859
785
298
863
425
678
28
671
174
381
611
848
827
655
340
429
107
748
786
247
145
831
35
914
211
983
815
203
282
397
323
908
73
78
830
767
935
277
74
955
374
121
378
549
849
98
667
691
754
391
135
201
361
17
348
647
971
112
70
491
360
809
531
682
420
293
784
923
312
887
602
22
267
19
707
708
25
730
621
